f,T,eps_real,eps_imag
100651.0,30,77276.49995799508,64372.69993409824
101497.0,30,77153.01636259288,63997.73030485686
102350.0,30,77033.9986694801,63621.69995995197
103210.0,30,76899.25094303921,63257.06696547541
104077.0,30,76766.07285614203,62885.57088175226
104951.0,30,76643.07420168804,62514.80315489296
105833.0,30,76518.7796872351,62153.86447130839
106722.0,30,76395.45925247754,61799.826085249486
107618.0,30,76275.47438435482,61443.52993037169
108523.0,30,76146.9300934112,61078.10854185032
109434.0,30,76019.32744434789,60738.01932364097
110354.0,30,75897.71175141912,60382.36438414172
111281.0,30,75775.50447876632,60036.31793629783
112216.0,30,75648.65892684904,59696.34705276202
113159.0,30,75526.47358767602,59352.619879765705
114109.0,30,75399.60288351882,59017.20740020991
115068.0,30,75273.73117004214,58675.84148188441
116035.0,30,75152.65734382419,58342.29090259197
117009.0,30,75041.3245250764,58004.384604404564
117992.0,30,74913.67850270092,57679.63550421058
118984.0,30,74785.74516778093,57351.53261796627
119983.0,30,74666.36627826556,57028.744446404395
120991.0,30,74543.1594523659,56702.21233710514
122008.0,30,74412.32071627777,56388.94317135261
123033.0,30,74293.66531229328,56078.476482619604
124067.0,30,74166.80013047306,55769.04475087096
125109.0,30,74054.42730025307,55457.86751895466
126160.0,30,73926.54677858591,55134.868665429414
127220.0,30,73796.61180356378,54832.78383306601
128289.0,30,73678.23150378071,54526.58586603278
129366.0,30,73554.63829823423,54213.5034844164
130453.0,30,73445.69585357762,53911.371565002155
131549.0,30,73321.56249963383,53616.90703405643
132654.0,30,73199.039642157,53317.99518008179
133769.0,30,73073.23578770502,53019.52814770462
134893.0,30,72961.41355388414,52729.33082255031
136026.0,30,72849.60197438493,52441.89263112878
137169.0,30,72726.27701318279,52148.347636992985
138321.0,30,72599.4449111313,51862.529815628914
139483.0,30,72484.94005148603,51576.939401974436
140655.0,30,72369.9509297689,51290.10135083663
141837.0,30,72251.414674894,51004.97963038151
143028.0,30,72131.00953604066,50730.26538025561
144230.0,30,72016.61946344633,50458.805410299115
145442.0,30,71896.19067161118,50169.28324569242
146664.0,30,71783.70948178093,49906.215357260786
147896.0,30,71667.3583340902,49633.15958169161
149138.0,30,71551.82969227793,49359.93240399856
150391.0,30,71434.68010443081,49098.63257791264
151655.0,30,71311.82320226698,48827.493160915095
152929.0,30,71193.48720571198,48560.8986473026
154214.0,30,71077.8254380041,48298.09332533667
155509.0,30,70971.46061631708,48038.64683308951
156816.0,30,70851.87653416529,47776.52143285484
158133.0,30,70743.04775348322,47531.620375564744
159462.0,30,70618.99542092308,47276.18937698941
160802.0,30,70504.16652434363,47015.98954266208
162152.0,30,70392.79032834718,46763.368437507255
163515.0,30,70275.80467025006,46515.06957967386
164889.0,30,70163.72263882583,46271.12783030133
166274.0,30,70044.87668023417,46018.58448430244
167671.0,30,69929.68914072472,45776.57055320485
169079.0,30,69817.81105252913,45529.80856266422
170500.0,30,69710.38953288643,45291.38955450493
171932.0,30,69594.45351719877,45051.45071289001
173377.0,30,69474.55802257125,44809.51702417305
174833.0,30,69367.90060071331,44579.747294576446
176302.0,30,69251.17645956906,44339.08202397037
177783.0,30,69147.93635857306,44103.52037976107
179277.0,30,69033.0734068469,43870.080979951206
180783.0,30,68919.8343796852,43645.11036136763
182302.0,30,68808.34554731341,43411.97854182321
183834.0,30,68695.35942732389,43191.65794182191
185378.0,30,68592.61170102218,42960.196390470854
186935.0,30,68477.30126098108,42733.38421628725
188506.0,30,68368.14535468811,42513.879311405326
190090.0,30,68254.24752557145,42296.8354586686
191687.0,30,68148.45101203556,42076.52599546484
193297.0,30,68040.94661740698,41853.83144764801
194921.0,30,67929.3726718531,41638.752742411976
196559.0,30,67821.37882967285,41432.47373000172
198210.0,30,67714.65709495776,41216.495112261684
199875.0,30,67599.43147292543,40999.843455267095
201554.0,30,67499.53180487541,40792.4299135893
203248.0,30,67386.5330188711,40577.52440130464
204955.0,30,67278.54936620056,40372.14976430254
206677.0,30,67169.95350618265,40164.0931345909
208413.0,30,67061.43226680973,39955.22390291727
210164.0,30,66960.12783096994,39753.43060344303
211930.0,30,66856.26578429616,39548.765866912254
213711.0,30,66743.7778048777,39351.03027778507
215506.0,30,66637.74270280654,39153.99857255156
217317.0,30,66532.14433670086,38956.79555288513
219142.0,30,66424.39791997286,38757.76358029312
220983.0,30,66321.97709168427,38566.8475187936
222840.0,30,66212.75178546493,38363.20142698071
224712.0,30,66109.41638863982,38169.981646282875
226600.0,30,66000.95642678472,37979.82907056858
228504.0,30,65906.11954717405,37791.24251014143
230423.0,30,65804.39463987021,37602.84442305313
232359.0,30,65692.78288875663,37415.05724334841
234311.0,30,65590.13283527146,37222.5358415922
236280.0,30,65484.08710284928,37041.5704695609
238265.0,30,65375.6287547471,36847.19601055909
240267.0,30,65281.962506576616,36668.99505993419
242285.0,30,65179.361846452484,36492.6330877625
244321.0,30,65071.926614095275,36308.91794187959
246373.0,30,64976.5166842036,36126.70666888208
248443.0,30,64870.35227223837,35950.37941512273
250531.0,30,64775.21576349788,35765.51087826338
252635.0,30,64671.39476585169,35592.94970677082
254758.0,30,64566.129508733626,35415.1548336056
256898.0,30,64469.23442716136,35245.582542582204
259056.0,30,64366.11783340116,35075.47773075032
261233.0,30,64265.79258741027,34901.03077690801
263427.0,30,64163.48639248843,34729.547332306116
265641.0,30,64066.15359457805,34556.23898708384
267872.0,30,63968.808152923826,34391.68245177251
270123.0,30,63864.65470866511,34221.11245141316
272392.0,30,63763.179752460965,34058.81067544447
274681.0,30,63669.4123777065,33889.41307938711
276988.0,30,63573.48279208029,33726.51388493629
279315.0,30,63477.34603809331,33563.72156392673
281662.0,30,63378.618018075846,33399.92316715989
284028.0,30,63275.57824046535,33236.060225846755
286415.0,30,63181.30539127528,33082.35760237383
288821.0,30,63084.03650695873,32918.156783773455
291247.0,30,62988.35741187342,32760.74542083401
293694.0,30,62889.10769731042,32609.758257021105
296162.0,30,62797.13999591365,32452.005481590415
298650.0,30,62702.41497281292,32298.019841081248
301159.0,30,62605.21729897458,32140.187379193085
303689.0,30,62504.1737137537,31987.754832580722
306240.0,30,62413.05581541965,31838.096369433024
308813.0,30,62318.828416472796,31686.06295784553
311408.0,30,62220.99593468067,31536.887901547518
314024.0,30,62126.49059316707,31383.573476570222
316662.0,30,62032.999514185554,31235.848269778948
319322.0,30,61940.733587563314,31087.817943097438
322005.0,30,61842.61913796778,30946.87948660492
324710.0,30,61753.05491624925,30795.531712428085
327438.0,30,61657.207772525224,30652.252835836363
330189.0,30,61567.712576191254,30508.38715536837
332963.0,30,61470.30578594107,30366.36852592423
335761.0,30,61374.457089046366,30230.585489614292
338581.0,30,61286.05900534135,30085.56329173865
341426.0,30,61198.634093061926,29945.149241023984
344294.0,30,61104.46140575194,29800.260864460826
347187.0,30,61016.97546714447,29665.109318416267
350104.0,30,60923.443251702,29524.251184677112
353045.0,30,60829.21752092272,29392.241267029032
356011.0,30,60742.537132790014,29259.26628127992
359002.0,30,60654.12617760407,29116.57806021778
362018.0,30,60560.33100433449,28987.582360941502
365060.0,30,60468.06390563621,28852.669691020776
368127.0,30,60378.065196957315,28721.932221748466
371219.0,30,60293.73120998077,28590.50373037278
374338.0,30,60204.98411146264,28456.194527274965
377483.0,30,60119.27206833154,28331.517655115338
380654.0,30,60023.2471827838,28199.640259496344
383852.0,30,59935.522793229364,28063.73306970868
387077.0,30,59852.3294163278,27939.36454559346
390329.0,30,59762.71782676394,27815.766040204013
393608.0,30,59674.98150579606,27689.82414372797
396915.0,30,59583.8335097281,27561.384298061068
400250.0,30,59500.69019450278,27438.00125023577
403613.0,30,59411.5066814196,27317.19516803476
407003.0,30,59329.71020258688,27195.208752565497
410423.0,30,59245.91279694417,27067.00677486207
413871.0,30,59156.189067482184,26951.9215256286
417348.0,30,59073.131403480285,26830.58249371753
420854.0,30,58985.50660998769,26708.243337699783
424390.0,30,58903.46702781907,26593.58366840422
427955.0,30,58813.434705789834,26471.297568051494
431551.0,30,58733.51866979565,26354.500968851884
435176.0,30,58648.83483495271,26235.628710165678
438832.0,30,58566.11279046603,26121.501714588307
442519.0,30,58483.1751122954,26003.2931516368
446237.0,30,58399.17154417514,25886.99921853656
449986.0,30,58318.28468778126,25775.673602538594
453766.0,30,58235.84414414832,25660.06063346002
457579.0,30,58152.28630041409,25546.802981236197
461423.0,30,58068.47325427633,25433.8478368124
465299.0,30,57989.35797378524,25324.924293059674
469209.0,30,57907.19222404478,25216.74820617416
473151.0,30,57829.129186619335,25103.907138811865
477126.0,30,57746.27265476929,24997.061233756685
481134.0,30,57665.78302699961,24887.563635231287
485176.0,30,57583.3033324804,24774.629721683694
489252.0,30,57502.61122337479,24671.67148943694
493363.0,30,57421.7168135064,24561.763072973466
497508.0,30,57340.37057233867,24459.2784058154
501687.0,30,57260.57201249841,24356.049398779458
505902.0,30,57182.919509587366,24245.505471709148
510152.0,30,57104.887799013835,24146.835031739163
514438.0,30,57022.582412503914,24039.445325592977
518760.0,30,56947.57669044478,23937.738293322258
523119.0,30,56871.79995406908,23830.81977118131
527514.0,30,56793.09516420661,23731.680484324537
531945.0,30,56714.446560171345,23633.267388240572
536414.0,30,56636.864864568626,23533.562514957994
540921.0,30,56560.57114594977,23432.087995108977
545465.0,30,56479.65880333778,23333.685996473894
550048.0,30,56408.698233148156,23232.943246554692
554669.0,30,56321.18082169621,23131.38926325527
559329.0,30,56259.52399831023,23040.797971542313
564028.0,30,56178.1997949133,22939.625274205562
568767.0,30,56106.84815247282,22847.446999151485
573545.0,30,56034.535057326786,22749.050129686973
578364.0,30,55958.20707238074,22655.403370869284
583223.0,30,55881.282148509534,22564.57103713387
588123.0,30,55804.62045555525,22463.753200812163
593064.0,30,55735.8471890183,22369.62873246187
598046.0,30,55660.84384959548,22283.937279205045
603070.0,30,55589.179787988156,22184.582063041675
608137.0,30,55520.61900554029,22095.46022012067
613246.0,30,55446.83326185124,22006.70477561529
618398.0,30,55374.06657590551,21913.07686114319
623594.0,30,55303.26885231545,21822.901793676876
628833.0,30,55225.062468351345,21733.802913344418
634116.0,30,55159.51981387866,21647.881390097955
639443.0,30,55085.82993912295,21555.743528034935
644815.0,30,55013.368949928416,21469.06076030624
650233.0,30,54944.26466132086,21385.757033737176
655695.0,30,54873.059068345225,21298.732594574918
661204.0,30,54802.242772685066,21209.966370602575
666759.0,30,54734.28577519011,21125.03241745961
672361.0,30,54668.17868796664,21039.464515284024
678009.0,30,54595.14915322886,20957.442229369255
683706.0,30,54527.52777795509,20874.61513038587
689450.0,30,54457.00389465518,20788.138045034873
695242.0,30,54389.95106607741,20702.744721168317
701083.0,30,54321.19014361912,20621.01596446376
706973.0,30,54256.57497507789,20544.824512251143
712912.0,30,54186.772148236785,20460.66967827337
718902.0,30,54099.2437437563,20414.782251227298
724942.0,30,54056.79601326492,20297.29664859815
731032.0,30,53990.00929643031,20217.29746859616
737174.0,30,53922.40720952139,20139.525556682413
743367.0,30,53853.44275480411,20057.986001045112
749612.0,30,53791.4405191109,19978.571934464486
755910.0,30,53726.531002257536,19903.154634690454
762260.0,30,53656.630291414054,19823.06883502503
768664.0,30,53596.380704362266,19747.140507692216
775122.0,30,53530.28768717602,19673.78046519547
781634.0,30,53470.79073757336,19593.249424583475
788201.0,30,53404.756873201586,19520.96223577942
794823.0,30,53342.10400219246,19444.780949118885
801501.0,30,53279.768275509196,19370.24295027138
808234.0,30,53217.982426767776,19297.003728182888
815024.0,30,53160.48152877627,19215.81119612147
821872.0,30,53094.410036678244,19152.228213714094
828777.0,30,53034.8681475349,19077.417503890123
835739.0,30,52970.91764542361,19006.083724374337
842761.0,30,52908.99615209132,18935.516614970347
849841.0,30,52847.6199092078,18860.189933008456
856981.0,30,52790.75333165276,18795.034792167
864180.0,30,52733.79428517235,18722.505139993966
871441.0,30,52666.89283468608,18653.221503460667
878762.0,30,52604.9627194966,18582.73653450394
886145.0,30,52548.08979453822,18515.206760182486
893590.0,30,52492.75715023681,18444.127648364367
901097.0,30,52433.60460662931,18377.09086635215
908667.0,30,52375.86497247282,18306.6770776853
916301.0,30,52316.13927462423,18242.47039750807
923999.0,30,52263.622600541144,18173.939628223925
931762.0,30,52210.967911791566,18106.410568596755
939590.0,30,52148.09961332408,18044.954518220926
947484.0,30,52090.48476512278,17975.048355523482
955444.0,30,52039.53455033628,17908.997791976035
963471.0,30,51982.12505325045,17847.445071456506
971566.0,30,51925.58063233389,17786.9091633292
979728.0,30,51872.805039509214,17722.513246195012
987959.0,30,51819.80383265515,17655.63638483611
996259.0,30,51768.98921218207,17593.762480488276
1004630.0,30,51713.68745278455,17529.773888433312
1013070.0,30,51660.06735819852,17471.09629681507
1021580.0,30,51613.44514917752,17413.879807642297
1030160.0,30,51555.64524757448,17354.79924568323
1038820.0,30,51501.01195144237,17288.887649585053
1047550.0,30,51453.39336881728,17230.445201628427
1056350.0,30,51399.612819587994,17169.844561727798
1065220.0,30,51345.9992144974,17115.284457078695
1074170.0,30,51295.807767924096,17057.182186164748
1083190.0,30,51247.820115637136,16997.82687912722
1092290.0,30,51199.373111747314,16940.80220749276
1101470.0,30,51148.609401529604,16883.406852841545
1110730.0,30,51099.27895066885,16827.76947746769
1120060.0,30,51053.31472940786,16770.666548648023
1129470.0,30,51004.05920705072,16712.77830148432
1138960.0,30,50955.23239513565,16656.115249178976
1148520.0,30,50910.52441820734,16602.465205342603
1158170.0,30,50861.24083024841,16548.885193981398
1167900.0,30,50815.292044882466,16491.967172457822
1177720.0,30,50766.269545455834,16443.156616759577
1187610.0,30,50726.164776941536,16384.300339749178
1197590.0,30,50682.367330807676,16333.724829165238
1207650.0,30,50633.56748355587,16281.033930580263
1217790.0,30,50590.4036658645,16230.140734886278
1228030.0,30,50544.16807578533,16180.774601821351
1238340.0,30,50500.49192360475,16130.651670243325
1248750.0,30,50462.792707097826,16076.9811205867
1259240.0,30,50414.6459510185,16025.013500364561
1269820.0,30,50378.90506477592,15974.839848768306
1280480.0,30,50332.99640607624,15927.417272711898
1291240.0,30,50293.38831291593,15881.8635588351
1302090.0,30,50253.38045168551,15829.499265326764
1313030.0,30,50213.961824958,15786.164365010049
1324060.0,30,50167.21135010214,15736.741387734224
1335190.0,30,50135.09396468354,15684.579490857752
1346400.0,30,50096.91173622333,15636.64424494235
1357710.0,30,50054.971915859154,15598.054975537842
1369120.0,30,50018.40446935227,15549.50670384109
1380620.0,30,49983.01734026115,15500.533796811862
1392220.0,30,49940.93591532924,15458.346936136712
1403920.0,30,49906.789141881665,15417.811419577469
1415710.0,30,49868.92483173454,15372.654329318964
1427610.0,30,49833.601164380474,15329.484619618228
1439600.0,30,49803.24765403594,15282.666984978405
1451700.0,30,49764.44819763809,15242.920367521452
1463890.0,30,49735.107297941766,15200.327919223993
1476190.0,30,49699.16433449184,15158.713594822224
1488590.0,30,49664.983142200515,15121.573697098414
1501100.0,30,49631.74665677881,15078.14214787739
1513710.0,30,49601.96322465871,15040.068159344639
1526430.0,30,49569.53303456384,15002.559614071146
1539250.0,30,49538.99721739298,14960.007146500277
1552180.0,30,49512.21828244435,14922.222101334033
1565220.0,30,49481.595613997255,14883.98210543068
1578370.0,30,49451.04687226338,14845.433238039257
1591630.0,30,49424.438232648215,14809.144800282296
1605000.0,30,49395.130874541035,14770.867693416709
1618490.0,30,49372.69422725152,14731.68269076424
1632090.0,30,49345.17629221447,14700.496086709392
1645800.0,30,49319.34756439743,14663.378736211396
1659630.0,30,49295.900267121084,14631.59552782747
1673570.0,30,49278.843459289186,14597.339112224723
1687630.0,30,49240.506283682385,14563.550043400946
1701810.0,30,49225.10571908416,14529.289427656528
1716100.0,30,49202.31260938859,14493.439554142911
1730520.0,30,49177.90406732611,14469.460854232646
1745060.0,30,49158.34147798974,14433.971128846604
1759720.0,30,49136.595515061876,14401.97251303608
1774500.0,30,49122.29583435284,14369.669445729816
1789410.0,30,49099.84659803888,14342.452395086333
1804450.0,30,49082.873444698016,14314.62532646881
1819610.0,30,49061.098216891434,14286.721984923252
1834890.0,30,49044.325475902355,14257.69804449575
1850310.0,30,49029.63939350837,14230.230376422041
1865850.0,30,49015.564424042386,14202.032250072658
1881530.0,30,49007.40929907081,14181.591726162285
1897340.0,30,48986.68135832349,14149.74578039771
1913280.0,30,48978.368081550194,14122.989832949443
1929350.0,30,48964.86751813474,14103.732332397749
1945560.0,30,48949.85896251066,14078.686775819093
1961910.0,30,48942.2255309303,14056.60885048253
1978390.0,30,48936.932224065735,14031.422742177068
1995010.0,30,48924.670085388534,14012.383372557353
100651.0,45,81025.35205989597,85353.3643164689
101497.0,45,80911.76748212529,84823.61616740188
102350.0,45,80792.71661899515,84290.20130975611
103210.0,45,80661.56312216798,83752.44959926972
104077.0,45,80535.80134259722,83223.8422459618
104951.0,45,80413.8520986178,82709.57268411279
105833.0,45,80282.7997977517,82197.92011014084
106722.0,45,80157.34639447452,81669.29584077177
107618.0,45,80036.46818729417,81174.3308763013
108523.0,45,79916.71980611583,80665.3224880543
109434.0,45,79792.3766614366,80163.96121880294
110354.0,45,79665.32397647857,79652.81115937966
111281.0,45,79548.99530887946,79175.28636652447
112216.0,45,79432.39816680341,78673.26368632179
113159.0,45,79282.87992052425,78191.45468686521
114109.0,45,79168.32409962376,77695.62233166335
115068.0,45,79043.2867845073,77229.974746467
116035.0,45,78928.00616462778,76749.57584613077
117009.0,45,78795.88689444463,76274.56928489069
117992.0,45,78680.9288236464,75809.242103227
118984.0,45,78548.82958878408,75349.83444580094
119983.0,45,78433.35404921288,74889.70949711095
120991.0,45,78308.75252905981,74425.04602765122
122008.0,45,78176.23938624053,73979.56210060413
123033.0,45,78058.34133128537,73515.00158827502
124067.0,45,77932.51878237176,73078.63170505512
125109.0,45,77816.36779802255,72627.67987942924
126160.0,45,77675.90266138375,72184.69270169183
127220.0,45,77565.42104984225,71756.49226266159
128289.0,45,77437.00562045745,71319.30335070979
129366.0,45,77311.83476472383,70893.4038261375
130453.0,45,77196.7151420067,70465.58408967212
131549.0,45,77070.02070993613,70042.55659856721
132654.0,45,76943.62683219387,69610.54663054664
133769.0,45,76826.14627133837,69199.58473059771
134893.0,45,76696.42187740601,68785.08325943157
136026.0,45,76581.65314594498,68367.82954094376
137169.0,45,76444.51901326727,67966.83241638204
138321.0,45,76332.88461595315,67558.0986681752
139483.0,45,76210.8291324785,67147.99801517415
140655.0,45,76094.66490674272,66748.50354535576
141837.0,45,75966.09111380042,66352.14305271742
143028.0,45,75842.98157067983,65963.00321214138
144230.0,45,75720.75675625715,65578.65539747912
145442.0,45,75602.04695571857,65190.72904216323
146664.0,45,75482.88339746377,64801.39149426468
147896.0,45,75362.5666173168,64413.953428530986
149138.0,45,75240.46607175349,64040.76984774396
150391.0,45,75116.91130632619,63661.18577904981
151655.0,45,75009.88348729376,63287.572992725494
152929.0,45,74875.82399499277,62926.54841325775
154214.0,45,74757.16909948202,62548.828945849025
155509.0,45,74637.16655447925,62192.18456852574
156816.0,45,74514.29344326505,61828.47459971454
158133.0,45,74384.63128620866,61470.30741504122
159462.0,45,74279.94699415825,61112.21847166539
160802.0,45,74149.93071694384,60752.41672398872
162152.0,45,74032.4465012728,60405.21345011292
163515.0,45,73907.68508992007,60051.79539328094
164889.0,45,73786.85572626044,59708.35717330632
166274.0,45,73669.17897581532,59376.903704210985
167671.0,45,73545.16218129266,59017.36979654635
169079.0,45,73427.53280928642,58683.39303967564
170500.0,45,73307.5480086553,58341.7531703142
171932.0,45,73192.07074094785,58012.56840273636
173377.0,45,73069.76418404972,57682.38490265342
174833.0,45,72955.1027084792,57355.59304587467
176302.0,45,72833.34098059605,57022.87949479876
177783.0,45,72713.467685834,56703.787389980986
179277.0,45,72603.00003739039,56381.228190538364
180783.0,45,72480.02005278038,56059.34996857416
182302.0,45,72363.92050356568,55735.97064591288
183834.0,45,72245.66110028797,55425.228243865036
185378.0,45,72123.92144199509,55104.01656720801
186935.0,45,72012.73166162093,54797.05496870165
188506.0,45,71887.7371310146,54495.39469738899
190090.0,45,71774.42544641576,54183.97886562562
191687.0,45,71653.93229944218,53880.29993064564
193297.0,45,71547.54881952476,53578.76263499736
194921.0,45,71421.19161835757,53278.775870689045
196559.0,45,71303.21030745406,52989.00787386289
198210.0,45,71197.41744526553,52682.74064780508
199875.0,45,71082.08838940413,52388.04539210444
201554.0,45,70963.5690769298,52096.467203813954
203248.0,45,70846.95537837519,51812.07766878461
204955.0,45,70726.92880975232,51526.19640215987
206677.0,45,70618.02934627251,51240.93349903424
208413.0,45,70502.61181826607,50948.41725937796
210164.0,45,70388.57314916675,50669.16457370728
211930.0,45,70276.52989260698,50388.60027228869
213711.0,45,70155.77085041271,50112.23054989526
215506.0,45,70046.45217619813,49833.16926330317
217317.0,45,69931.26867966025,49564.87327819369
219142.0,45,69808.54591931724,49295.98605668447
220983.0,45,69700.62416509936,49027.6854031232
222840.0,45,69592.1510150681,48753.20839044583
224712.0,45,69479.18399830829,48485.03598573939
226600.0,45,69362.51892406908,48220.95484238508
228504.0,45,69249.82231139019,47965.156768010944
230423.0,45,69141.39252818922,47703.86380608224
232359.0,45,69031.1967150926,47445.06880993623
234311.0,45,68912.07917838675,47188.795404450066
236280.0,45,68799.12908311331,46934.75108056056
238265.0,45,68689.8588956657,46679.30160013152
240267.0,45,68584.41675387573,46429.20580085746
242285.0,45,68468.39194695583,46181.6441690248
244321.0,45,68356.53919806669,45927.62715718857
246373.0,45,68246.17016515405,45693.211358291155
248443.0,45,68130.96955706186,45439.59821446176
250531.0,45,68025.32092348296,45194.203829140555
252635.0,45,67912.38850257298,44956.02511982105
254758.0,45,67810.54217626862,44711.795411680825
256898.0,45,67696.03504804011,44479.147089216895
259056.0,45,67582.28075769143,44236.567138928825
261233.0,45,67473.8849547435,44007.658558112445
263427.0,45,67372.91811929306,43775.224357897016
265641.0,45,67260.35954697726,43540.49238008694
267872.0,45,67155.70855751932,43308.434903691945
270123.0,45,67045.47720159328,43078.132876048825
272392.0,45,66935.5034523079,42857.42669637968
274681.0,45,66830.03515744921,42634.648457763295
276988.0,45,66720.0542124998,42410.30816549279
279315.0,45,66611.24831090312,42186.23862300916
281662.0,45,66508.35589986412,41968.19170347176
284028.0,45,66399.9949617928,41737.632581917656
286415.0,45,66294.58166811572,41531.39040862889
288821.0,45,66188.63333999639,41315.73123341345
291247.0,45,66082.28896431609,41102.04462900301
293694.0,45,65981.51796406273,40879.0326493418
296162.0,45,65871.20443792791,40671.13325582157
298650.0,45,65770.21196196614,40463.37026660363
301159.0,45,65660.88817506249,40250.9172061786
303689.0,45,65557.97232602723,40045.50338093185
306240.0,45,65456.91498164083,39838.96682336515
308813.0,45,65348.86297134045,39631.415248004145
311408.0,45,65245.34705788647,39427.500979024575
314024.0,45,65144.721841068174,39225.424798191816
316662.0,45,65037.354050537826,39022.01640801961
319322.0,45,64935.61383144734,38830.53746285638
322005.0,45,64834.296439116275,38629.9822275434
324710.0,45,64730.60694362856,38426.734733750054
327438.0,45,64632.67526489103,38233.859668755926
330189.0,45,64523.228043379895,38048.81206185473
332963.0,45,64424.19444910828,37846.43769028005
335761.0,45,64321.73634266538,37657.2516259036
338581.0,45,64220.497757964906,37468.96216283285
341426.0,45,64121.245488026885,37275.57125528647
344294.0,45,64018.99621475895,37087.23006648804
347187.0,45,63925.077292385104,36900.91290991818
350104.0,45,63819.45655374371,36722.71967773787
353045.0,45,63716.29966323444,36526.56396764254
356011.0,45,63621.633344491995,36348.61844856693
359002.0,45,63517.65687157857,36167.26759059749
362018.0,45,63420.52511554143,35991.13264182287
365060.0,45,63325.30280033576,35806.43388063113
368127.0,45,63218.543415798566,35630.10501540947
371219.0,45,63125.51083125886,35452.20493810784
374338.0,45,63025.13356578336,35273.08787538349
377483.0,45,62931.35301165534,35099.10802719108
380654.0,45,62831.433790854804,34928.8803605902
383852.0,45,62737.45656518832,34755.18742317321
387077.0,45,62641.48172640885,34576.67491587343
390329.0,45,62539.84935375651,34409.01158829554
393608.0,45,62442.97699584366,34242.5042702653
396915.0,45,62350.556636081645,34072.877056980615
400250.0,45,62255.126594958514,33906.94387706173
403613.0,45,62157.10446795074,33741.67163077598
407003.0,45,62067.629942751955,33578.74455597502
410423.0,45,61969.319336587076,33412.53611965713
413871.0,45,61875.76384248304,33250.80495357184
417348.0,45,61779.8595679702,33091.510230056905
420854.0,45,61687.22085497049,32927.39382287124
424390.0,45,61593.355064182564,32764.937564510514
427955.0,45,61498.53001568449,32607.297334464307
431551.0,45,61404.4970730742,32453.851014908876
435176.0,45,61312.727427607046,32292.762424121556
438832.0,45,61216.533874359186,32145.123329199065
442519.0,45,61127.75153936596,31985.213587210706
446237.0,45,61038.134084808415,31832.144455595626
449986.0,45,60946.52251440715,31676.475006703102
453766.0,45,60851.34216978626,31523.747773097308
457579.0,45,60764.29868449475,31376.359391864797
461423.0,45,60668.17504414639,31228.213106455194
465299.0,45,60580.06517289944,31081.94943333283
469209.0,45,60489.82104026172,30933.42575165693
473151.0,45,60400.704072580585,30790.038333435205
477126.0,45,60315.974963658125,30637.244754687523
481134.0,45,60221.35429575382,30493.381420128204
485176.0,45,60134.198587755964,30350.680760434825
489252.0,45,60047.71945325297,30204.796095265065
493363.0,45,59953.98028182567,30065.788540976497
497508.0,45,59870.907325723994,29923.762722378804
501687.0,45,59780.5192712158,29787.361659929415
505902.0,45,59693.07290510959,29645.534932545615
510152.0,45,59606.42508124334,29504.778888465462
514438.0,45,59521.597958419625,29364.686411834686
518760.0,45,59432.74269297881,29230.620958024425
523119.0,45,59346.78434324515,29092.058604472273
527514.0,45,59259.98649090789,28960.791231868432
531945.0,45,59174.67462939224,28824.47833753365
536414.0,45,59089.71201181389,28694.58916430736
540921.0,45,59004.03671169708,28560.77286411473
545465.0,45,58919.593271400445,28425.142473236807
550048.0,45,58835.13969005989,28295.713677249692
554669.0,45,58740.06384371475,28164.07278646139
559329.0,45,58664.45689653212,28039.221058137937
564028.0,45,58582.76428218975,27909.543871031976
568767.0,45,58500.362345996684,27782.64405058141
573545.0,45,58418.26310783548,27656.73517961018
578364.0,45,58338.227192381695,27528.65830791785
583223.0,45,58250.67093918586,27406.587314233042
588123.0,45,58169.14428613654,27282.347602828195
593064.0,45,58088.204245402485,27160.326241411476
598046.0,45,58010.601730252005,27033.65619876443
603070.0,45,57925.77562295415,26911.96998719497
608137.0,45,57846.063945263486,26791.020213056694
613246.0,45,57766.139513831484,26674.087869576546
618398.0,45,57683.93705441444,26552.385451286984
623594.0,45,57606.19759850014,26436.226273016986
628833.0,45,57526.50961456858,26315.713448556002
634116.0,45,57445.840982061454,26199.559645228786
639443.0,45,57369.65807181456,26082.608889546966
644815.0,45,57290.499150295414,25965.33942692239
650233.0,45,57210.74042117649,25851.35647325507
655695.0,45,57134.30354517745,25737.127096102206
661204.0,45,57056.939686108584,25624.57271993625
666759.0,45,56979.72491375617,25508.0769762747
672361.0,45,56901.91016048482,25401.984042608252
678009.0,45,56824.46661437994,25289.187963936492
683706.0,45,56752.1405727052,25176.110264359115
689450.0,45,56674.50374239188,25066.53390616495
695242.0,45,56596.771504994314,24956.84088953545
701083.0,45,56523.153074171256,24853.12192192632
706973.0,45,56449.32045376708,24738.52012335528
712912.0,45,56374.54158084685,24633.064047682452
718902.0,45,56307.84205346289,24576.888110642758
724942.0,45,56233.04889454688,24420.489345158432
731032.0,45,56157.11099349236,24316.131960936484
737174.0,45,56079.04609374217,24212.044307455584
743367.0,45,56010.35516885309,24108.65977143556
749612.0,45,55935.51843585348,24009.941232240762
755910.0,45,55866.13985304127,23906.75694472376
762260.0,45,55791.72036278887,23806.968713672217
768664.0,45,55722.182366200046,23703.985260833415
775122.0,45,55652.5802525475,23609.593236075034
781634.0,45,55578.76482434919,23501.62739170442
788201.0,45,55507.12959799224,23403.530871913295
794823.0,45,55438.59709069884,23306.63137709557
801501.0,45,55370.63308548803,23210.084175303105
808234.0,45,55301.58794886324,23116.712829271808
815024.0,45,55232.306693733066,23022.778358847834
821872.0,45,55167.220647221795,22921.658828380416
828777.0,45,55090.52514231385,22833.32494832782
835739.0,45,55025.26518915809,22733.275781799315
842761.0,45,54957.116176046526,22637.214533241706
849841.0,45,54891.97877582279,22547.0960705225
856981.0,45,54823.7724685871,22455.810227347723
864180.0,45,54760.2599421038,22363.527610888206
871441.0,45,54693.06049790025,22274.182397945486
878762.0,45,54624.08550534431,22180.429980504196
886145.0,45,54564.3258127369,22089.18822448147
893590.0,45,54493.92171186198,22003.14532660998
901097.0,45,54435.47447357145,21917.80233107074
908667.0,45,54369.390981940145,21826.92985970734
916301.0,45,54306.63151836101,21741.335592166633
923999.0,45,54241.08580643557,21651.631928786996
931762.0,45,54177.651932622146,21568.778846274276
939590.0,45,54115.65344423225,21480.330876976917
947484.0,45,54054.82022256566,21400.180363945048
955444.0,45,53987.45045502055,21311.406474032632
963471.0,45,53929.74153484825,21225.334290294668
971566.0,45,53864.86895591631,21151.284266930455
979728.0,45,53802.04096298091,21065.94315945421
987959.0,45,53751.16663902035,20982.970484015794
996259.0,45,53683.85744696645,20903.37341661483
1004630.0,45,53628.523082741245,20823.6417762302
1013070.0,45,53571.32634323634,20742.59898244578
1021580.0,45,53519.09034455132,20669.758804518944
1030160.0,45,53454.143041459254,20583.374243625625
1038820.0,45,53397.7848449401,20507.11337900042
1047550.0,45,53339.175373469545,20430.249393436054
1056350.0,45,53286.83389854113,20353.378457790754
1065220.0,45,53228.46588463985,20276.59800622356
1074170.0,45,53171.18168049998,20203.35937363788
1083190.0,45,53116.81663129065,20128.50828887799
1092290.0,45,53061.20138282184,20052.379711694757
1101470.0,45,53009.91126575764,19978.562585663884
1110730.0,45,52954.745856559945,19902.270798860984
1120060.0,45,52901.58793541766,19829.833731101284
1129470.0,45,52846.38430602312,19756.876557281503
1138960.0,45,52792.74222019589,19684.119920483277
1148520.0,45,52737.7250838346,19619.061336006518
1158170.0,45,52684.15571758284,19546.183923269513
1167900.0,45,52631.22927073917,19482.250800277743
1177720.0,45,52582.220159579265,19407.6766233273
1187610.0,45,52534.81123839729,19340.186722675855
1197590.0,45,52482.75376436311,19269.759611915713
1207650.0,45,52433.04530332163,19203.959251067685
1217790.0,45,52383.8269202636,19134.725281914714
1228030.0,45,52335.5031804865,19070.705218410283
1238340.0,45,52284.09316222746,19001.542955104276
1248750.0,45,52236.26658210926,18939.689526541664
1259240.0,45,52193.2870411545,18874.235515875334
1269820.0,45,52140.24192272264,18806.086471652925
1280480.0,45,52099.99732056377,18747.19018816131
1291240.0,45,52051.918176561456,18680.34394927815
1302090.0,45,52013.66225241163,18622.153483028847
1313030.0,45,51961.28226932702,18559.416857133623
1324060.0,45,51913.74020536563,18501.069178444686
1335190.0,45,51867.75902906222,18437.05105918561
1346400.0,45,51827.29563235057,18377.4432940825
1357710.0,45,51789.23559267494,18319.492975902172
1369120.0,45,51744.78650790026,18258.768092566137
1380620.0,45,51699.0614624097,18199.72417680136
1392220.0,45,51659.794685074674,18144.565880703623
1403920.0,45,51616.90108370942,18084.073011329194
1415710.0,45,51580.4493684857,18031.48808749409
1427610.0,45,51542.30842343007,17976.068599793965
1439600.0,45,51496.81219628701,17921.498649351983
1451700.0,45,51461.67532213457,17868.09633503869
1463890.0,45,51425.72319571846,17809.462100972072
1476190.0,45,51389.44885159473,17760.344549886555
1488590.0,45,51347.38710420919,17709.800006736314
1501100.0,45,51312.15613795545,17657.374103835187
1513710.0,45,51278.222605893985,17604.567968250896
1526430.0,45,51240.40157482094,17553.30287911718
1539250.0,45,51205.765352375245,17501.50364323709
1552180.0,45,51177.26527642833,17450.174928287157
1565220.0,45,51140.28439504064,17404.393824745937
1578370.0,45,51105.89038038776,17356.468429854256
1591630.0,45,51079.1296990051,17306.721997086683
1605000.0,45,51048.206575966375,17259.999069795365
1618490.0,45,51011.49450785277,17213.46499223366
1632090.0,45,50982.37777765495,17166.183340666983
1645800.0,45,50954.80236743059,17122.349166411037
1659630.0,45,50930.42725965548,17078.947541549885
1673570.0,45,50901.626298315954,17033.520448088027
1687630.0,45,50868.661782171424,16990.706000467737
1701810.0,45,50844.16461485227,16948.79553384897
1716100.0,45,50818.79247026308,16908.51164351282
1730520.0,45,50788.55033105589,16864.29213844334
1745060.0,45,50772.54916184153,16825.829628183128
1759720.0,45,50745.726671690936,16784.41138785679
1774500.0,45,50720.885040756446,16741.730457286973
1789410.0,45,50699.50828815233,16708.2821603046
1804450.0,45,50678.02230299004,16671.29948614358
1819610.0,45,50655.78523599005,16630.873892206902
1834890.0,45,50639.95832324693,16595.72249272473
1850310.0,45,50623.62284616459,16559.651455780106
1865850.0,45,50600.03177512437,16525.15148240146
1881530.0,45,50581.197596544065,16488.4269562483
1897340.0,45,50562.73472666548,16459.078964197666
1913280.0,45,50545.50811131688,16418.939839021663
1929350.0,45,50527.05438159203,16392.572102268412
1945560.0,45,50515.90177935666,16361.86785232195
1961910.0,45,50509.01870300787,16328.377749596455
1978390.0,45,50499.232594542664,16299.128577958885
1995010.0,45,50479.668863859944,16272.970992408218
100651.0,60,84868.53065506901,114430.71451393608
101497.0,60,84744.97914302355,113649.81125910442
102350.0,60,84627.90802579788,112887.68087070642
103210.0,60,84518.52603534021,112116.30312491041
104077.0,60,84384.98597806155,111345.72859551069
104951.0,60,84275.08157704167,110604.02974030147
105833.0,60,84155.2385126118,109856.54229323904
106722.0,60,84040.751631004,109127.56420253674
107618.0,60,83914.39609994275,108388.66773387967
108523.0,60,83798.89122780967,107666.12354381681
109434.0,60,83700.05091589512,106949.84403798968
110354.0,60,83578.00781607692,106238.07832582844
111281.0,60,83450.2329191805,105524.2521584562
112216.0,60,83321.60589573006,104815.3111047389
113159.0,60,83211.7369890875,104128.28537550058
114109.0,60,83091.09935899709,103428.74014872362
115068.0,60,82966.50451367992,102740.03516081722
116035.0,60,82845.1699328021,102067.9235487272
117009.0,60,82735.60482371354,101397.97739193199
117992.0,60,82613.76026086978,100717.48206768392
118984.0,60,82502.31415991677,100059.82431956813
119983.0,60,82390.55368369886,99400.05616804038
120991.0,60,82250.08525700167,98750.45516042486
122008.0,60,82139.61201392965,98090.96926920362
123033.0,60,82020.42137195973,97452.42651303612
124067.0,60,81896.68850934289,96808.09505184545
125109.0,60,81786.90386424593,96188.36795947539
126160.0,60,81653.95817103828,95544.71790458677
127220.0,60,81541.65479422285,94925.51483620917
128289.0,60,81420.1061059007,94317.44765057001
129366.0,60,81301.6376396691,93695.80460829512
130453.0,60,81180.113582962,93102.12954244619
131549.0,60,81057.10603596884,92490.4192624443
132654.0,60,80948.44375457555,91901.69976076097
133769.0,60,80811.05608982667,91289.54418797766
134893.0,60,80693.47316909042,90712.34643569631
136026.0,60,80584.22645245434,90128.55255323237
137169.0,60,80461.09295284744,89545.10316331082
138321.0,60,80336.97969359958,88971.86325187016
139483.0,60,80221.9142861027,88397.69532472981
140655.0,60,80103.75442282096,87832.18784428839
141837.0,60,79973.45534567982,87273.8768190879
143028.0,60,79856.24567371467,86714.74246601906
144230.0,60,79732.88069396568,86167.30930610327
145442.0,60,79623.56141634162,85615.60974447626
146664.0,60,79503.37663145948,85076.35048219419
147896.0,60,79376.8981699947,84533.42855084717
149138.0,60,79254.06685119568,83995.10233344427
150391.0,60,79137.62874652643,83459.27460324734
151655.0,60,79023.08895755852,82940.3780638062
152929.0,60,78896.2319594331,82413.77545824446
154214.0,60,78777.84468839175,81896.04388933608
155509.0,60,78655.48216912324,81380.4674382876
156816.0,60,78538.01479060635,80873.32658155113
158133.0,60,78417.3437377541,80360.60478027514
159462.0,60,78300.96536533331,79857.59823578666
160802.0,60,78174.4505876767,79357.00807490571
162152.0,60,78056.8456749909,78864.79862583865
163515.0,60,77944.76931812883,78375.29611966581
164889.0,60,77819.47382790597,77882.24825921062
166274.0,60,77709.41786497604,77417.01108891577
167671.0,60,77577.57928911275,76919.63296216755
169079.0,60,77455.13136020023,76447.29073596926
170500.0,60,77337.63908994227,75972.95795280924
171932.0,60,77217.15726322817,75502.39541587919
173377.0,60,77101.94885714636,75038.61252671797
174833.0,60,76975.80199624303,74583.80084478777
176302.0,60,76860.75518278242,74131.59081951695
177783.0,60,76731.45342287364,73660.23776811156
179277.0,60,76615.37679124517,73215.50018086129
180783.0,60,76499.82273095545,72763.53661900581
182302.0,60,76382.92691305892,72323.2138589108
183834.0,60,76255.60729993766,71883.27306682394
185378.0,60,76129.51154143878,71450.12375288035
186935.0,60,76019.57773023775,71013.0346756532
188506.0,60,75898.98452372309,70574.87724669676
190090.0,60,75780.37076474496,70157.42551933698
191687.0,60,75651.38404377711,69728.700871791
193297.0,60,75548.76932098836,69308.75527922212
194921.0,60,75427.55937962086,68883.51771843716
196559.0,60,75299.95636351375,68478.53973682328
198210.0,60,75189.02735903887,68066.61305754106
199875.0,60,75065.71170726186,67654.49980191454
201554.0,60,74949.92195283886,67247.066005363
203248.0,60,74836.28514608795,66846.28633440922
204955.0,60,74718.5286882772,66452.33753155987
206677.0,60,74600.34968539537,66060.25942878699
208413.0,60,74471.60003023682,65656.70221167199
210164.0,60,74356.2771188978,65262.21740748369
211930.0,60,74236.40195548776,64886.595731427326
213711.0,60,74116.6603364744,64503.385917684296
215506.0,60,74002.38750895923,64119.83628497385
217317.0,60,73884.31384210361,63741.2568883551
219142.0,60,73770.31305469331,63358.23095787488
220983.0,60,73647.97419487534,62993.848117386355
222840.0,60,73534.46492743329,62624.12997515353
224712.0,60,73413.5465733256,62249.96378100618
226600.0,60,73303.73718822516,61883.765935841904
228504.0,60,73181.66668673696,61523.683117209526
230423.0,60,73062.20617813877,61167.09384226232
232359.0,60,72945.23157162132,60809.331050378365
234311.0,60,72829.96772855961,60453.224580951406
236280.0,60,72710.47456406114,60101.76147419789
238265.0,60,72603.75463890648,59756.332554909546
240267.0,60,72485.54540785596,59406.30616272362
242285.0,60,72373.56583379136,59065.57306066435
244321.0,60,72255.90165159851,58722.45363733958
246373.0,60,72135.7466722451,58383.530250864555
248443.0,60,72020.08006510959,58055.82748262329
250531.0,60,71909.49038899213,57718.21386465569
252635.0,60,71790.15500145862,57382.806489986775
254758.0,60,71676.2802461202,57058.42787031085
256898.0,60,71563.6678161196,56730.222984616004
259056.0,60,71445.17680516116,56409.829273937554
261233.0,60,71333.79146604704,56080.95612029562
263427.0,60,71216.53579588847,55767.67246165794
265641.0,60,71104.14988513157,55452.193719732044
267872.0,60,70990.26654994629,55130.81584156584
270123.0,60,70877.63710037923,54822.366508254614
272392.0,60,70762.34869423219,54517.5646102911
274681.0,60,70640.76295046232,54200.45041049318
276988.0,60,70532.74495060089,53896.12700849742
279315.0,60,70421.77859927423,53594.98192450532
281662.0,60,70310.43985781417,53293.71484041016
284028.0,60,70195.1385968852,53005.01528928219
286415.0,60,70083.01825477059,52697.70801235795
288821.0,60,69967.24090863547,52408.11173344053
291247.0,60,69858.81673729964,52113.085781836104
293694.0,60,69746.72567570211,51822.85835597102
296162.0,60,69634.22596724665,51534.51649508132
298650.0,60,69516.99138137665,51246.91537153326
301159.0,60,69415.5360126006,50960.75587332688
303689.0,60,69300.94975746491,50680.889752295865
306240.0,60,69186.13746433076,50400.182520238144
308813.0,60,69072.96637347428,50124.05782105004
311408.0,60,68966.08456532442,49849.046725695254
314024.0,60,68855.01085601983,49571.799236042054
316662.0,60,68743.40073501866,49303.873838723455
319322.0,60,68640.54071327497,49035.33041546987
322005.0,60,68525.96997142643,48757.75710248305
324710.0,60,68414.543023351,48492.56129147912
327438.0,60,68308.6858131451,48228.09079655393
330189.0,60,68195.36103330633,47969.05547735015
332963.0,60,68090.30589708865,47707.81412938768
335761.0,60,67974.46771467499,47457.22290455536
338581.0,60,67871.70417878132,47190.687716584915
341426.0,60,67764.73976021925,46938.455215111244
344294.0,60,67651.46425627213,46687.396389065914
347187.0,60,67547.60423525803,46428.17464207177
350104.0,60,67436.51843162128,46179.41577562238
353045.0,60,67330.99490452593,45936.29002864943
356011.0,60,67222.0708653301,45687.15946081239
359002.0,60,67119.0878700981,45441.33041088403
362018.0,60,67006.9213075961,45194.18680657458
365060.0,60,66905.17875328111,44960.617858582424
368127.0,60,66800.1358457709,44721.8324013211
371219.0,60,66690.12675016845,44481.830868019286
374338.0,60,66581.18696963177,44245.81560270022
377483.0,60,66485.56942541015,44006.172181555696
380654.0,60,66374.60471201646,43775.961411859455
383852.0,60,66267.06515706019,43544.06228861111
387077.0,60,66160.66954210121,43317.256395969445
390329.0,60,66061.6629852707,43089.376407620344
393608.0,60,65954.94510987114,42864.87274309374
396915.0,60,65855.8893891507,42639.47486227145
400250.0,60,65747.85524843489,42413.35293589566
403613.0,60,65647.76987462964,42193.51358407036
407003.0,60,65539.825265424,41969.1251850435
410423.0,60,65435.7857845521,41754.337943050115
413871.0,60,65335.30446634373,41535.38177421953
417348.0,60,65232.08742717478,41317.57405127221
420854.0,60,65130.6204419464,41105.01008571096
424390.0,60,65025.25517018561,40892.66092117906
427955.0,60,64926.84152022431,40678.33297846241
431551.0,60,64823.1613454564,40473.135741694365
435176.0,60,64724.23835330776,40260.02394807923
438832.0,60,64620.90235022439,40053.073832516726
442519.0,60,64519.18368344131,39853.30483182193
446237.0,60,64423.12745660435,39643.60286106397
449986.0,60,64324.79164271778,39443.15009952073
453766.0,60,64220.76216726839,39239.6088205608
457579.0,60,64123.97577216487,39042.887281589916
461423.0,60,64024.63722558002,38843.45945654214
465299.0,60,63923.46605402891,38644.38313343239
469209.0,60,63825.74260151995,38450.206784765796
473151.0,60,63727.65006968642,38252.237990054186
477126.0,60,63631.15126388604,38059.987251975064
481134.0,60,63529.198444991634,37875.06064081893
485176.0,60,63437.15285123559,37683.74812909637
489252.0,60,63340.496785500385,37489.613115937405
493363.0,60,63237.375025143905,37304.09270065949
497508.0,60,63146.655554621604,37113.87868732349
501687.0,60,63048.3595795283,36930.814533952995
505902.0,60,62950.41165933066,36744.73070585637
510152.0,60,62856.36333327669,36563.599611770725
514438.0,60,62758.02108085997,36382.62557309256
518760.0,60,62666.13416703416,36200.145126507516
523119.0,60,62567.96434340868,36021.054279073964
527514.0,60,62473.073770100775,35841.10197283731
531945.0,60,62379.06519464595,35667.596010292385
536414.0,60,62286.06309959537,35491.764679298634
540921.0,60,62188.77538258043,35317.8052720376
545465.0,60,62097.83218418226,35145.85462709793
550048.0,60,62002.83393192299,34970.02870475731
554669.0,60,61908.951475535236,34812.75743027916
559329.0,60,61818.35432352085,34631.281305389006
564028.0,60,61726.20832551439,34462.5573893243
568767.0,60,61633.25286110285,34298.85199771157
573545.0,60,61545.24812598249,34131.23837109943
578364.0,60,61447.37991296522,33963.32658722075
583223.0,60,61360.625313780925,33797.46994288705
588123.0,60,61272.824194164925,33641.583369534244
593064.0,60,61173.80469321365,33474.75169066933
598046.0,60,61089.04509246736,33313.19137875089
603070.0,60,60996.72901012143,33160.30031465379
608137.0,60,60907.96587265636,32998.78804342701
613246.0,60,60817.39584543213,32837.628722575995
618398.0,60,60730.08156957492,32685.425224866172
623594.0,60,60644.80133255728,32529.58676038955
628833.0,60,60552.80138815384,32376.33828461033
634116.0,60,60465.55258608208,32223.64642503215
639443.0,60,60378.006086432186,32071.796838807084
644815.0,60,60289.24209603857,31918.816099690102
650233.0,60,60200.15701098273,31769.891937832548
655695.0,60,60118.5239011581,31619.168626156083
661204.0,60,60029.187503767855,31467.395853446822
666759.0,60,59948.78633043379,31323.94989084138
672361.0,60,59860.902879472655,31180.339333017655
678009.0,60,59772.67517352943,31037.6293945147
683706.0,60,59694.82758329095,30886.83636674541
689450.0,60,59605.69749628106,30746.879366885114
695242.0,60,59522.03112739376,30605.009999124308
701083.0,60,59437.39970320468,30467.379021394405
706973.0,60,59356.041860585974,30325.799988609106
712912.0,60,59276.09053145344,30186.519366083234
718902.0,60,59161.44307231444,30033.01139849994
724942.0,60,59107.176338399375,29910.679767259462
731032.0,60,59025.30092656659,29773.295912260743
737174.0,60,58944.43687002424,29641.322964120867
743367.0,60,58862.8469403576,29504.078673678232
749612.0,60,58784.58649109519,29377.095910829088
755910.0,60,58698.66628307059,29237.044336466577
762260.0,60,58620.22074890107,29108.512514197882
768664.0,60,58541.55044570748,28975.89221479984
775122.0,60,58458.93697289882,28848.040043600045
781634.0,60,58386.34226582483,28720.022903983998
788201.0,60,58302.61756379783,28597.62236667374
794823.0,60,58223.69283822983,28467.69242769183
801501.0,60,58138.77047287052,28342.35725614921
808234.0,60,58067.68483084916,28214.94164327065
815024.0,60,57988.89752654225,28091.38678311258
821872.0,60,57913.6302800086,27966.870172299437
828777.0,60,57836.011009683076,27846.652703619617
835739.0,60,57754.71471984342,27723.372080082954
842761.0,60,57684.29024790228,27599.687505692065
849841.0,60,57607.95801405878,27483.387399138697
856981.0,60,57533.10773524946,27359.962777775814
864180.0,60,57458.845523581964,27246.974788801028
871441.0,60,57384.65020960369,27126.58016385268
878762.0,60,57310.5279952378,27010.694059252484
886145.0,60,57234.27482749178,26895.07911264468
893590.0,60,57157.64080029002,26785.544657224586
901097.0,60,57082.50806334113,26670.30548105971
908667.0,60,57019.32101486969,26557.05193222724
916301.0,60,56945.62534299191,26440.527795627488
923999.0,60,56869.14101637654,26331.814587901583
931762.0,60,56802.880023329904,26218.829748044223
939590.0,60,56730.21975498376,26113.621605055654
947484.0,60,56659.934878815046,26000.178391495494
955444.0,60,56595.97867112243,25894.936231537646
963471.0,60,56521.40006463961,25788.076033726342
971566.0,60,56452.81382243286,25680.399191921493
979728.0,60,56383.38503093315,25571.2984046737
987959.0,60,56309.829960954805,25467.70544139125
996259.0,60,56244.79831312259,25364.307566463795
1004630.0,60,56186.19898625849,25267.46474549366
1013070.0,60,56117.497221063015,25161.59868037464
1021580.0,60,56052.979260267944,25060.208790731773
1030160.0,60,55984.898515742745,24959.809759717507
1038820.0,60,55918.76113037286,24859.340896039652
1047550.0,60,55852.27989295973,24760.587193116735
1056350.0,60,55791.22909831584,24662.134279161146
1065220.0,60,55724.45455926028,24561.96295552835
1074170.0,60,55664.48009828362,24465.47931833394
1083190.0,60,55600.93079202886,24366.719284113162
1092290.0,60,55537.71917098099,24279.648889162905
1101470.0,60,55470.50186948369,24183.984697002626
1110730.0,60,55408.52921814184,24086.564922500675
1120060.0,60,55350.82191027698,23994.20035169404
1129470.0,60,55288.278753867104,23907.504426555577
1138960.0,60,55226.12974940773,23808.24283950622
1148520.0,60,55167.095304579896,23723.328648974453
1158170.0,60,55112.29130853415,23629.128765374226
1167900.0,60,55051.81996107593,23541.122071359845
1177720.0,60,54990.10537470308,23451.751155842645
1187610.0,60,54928.95251020472,23364.51067811189
1197590.0,60,54874.65431348142,23277.651165021867
1207650.0,60,54818.3899265311,23190.026447636905
1217790.0,60,54761.3551298461,23107.665074463537
1228030.0,60,54701.50433571851,23024.845945451707
1238340.0,60,54643.02583479952,22937.16327438561
1248750.0,60,54593.23989282405,22857.225651698842
1259240.0,60,54537.02255312364,22777.773601008197
1269820.0,60,54490.422983069104,22687.976403245502
1280480.0,60,54433.4295444707,22613.09661077589
1291240.0,60,54377.830490277214,22534.0426977614
1302090.0,60,54323.96918541798,22451.64377170758
1313030.0,60,54274.97697969418,22377.06989887441
1324060.0,60,54222.38176446018,22295.729090464054
1335190.0,60,54168.47981953086,22225.611442582653
1346400.0,60,54124.15701277012,22140.461508682587
1357710.0,60,54072.801865345944,22069.23385097075
1369120.0,60,54018.7844861269,21995.181558809752
1380620.0,60,53974.16522574717,21917.733136808125
1392220.0,60,53924.35486393156,21847.199940836228
1403920.0,60,53877.38332392316,21776.955211018532
1415710.0,60,53825.02183886894,21702.91262162776
1427610.0,60,53780.36794794369,21634.617325129926
1439600.0,60,53737.660029967694,21561.774390428942
1451700.0,60,53693.16839879124,21496.06549278874
1463890.0,60,53646.397303311955,21424.34351031686
1476190.0,60,53603.28713130206,21357.35211470041
1488590.0,60,53562.14766103099,21291.14763085816
1501100.0,60,53520.46716936006,21224.944973370395
1513710.0,60,53471.63501686827,21156.77712321774
1526430.0,60,53434.320885412766,21095.647077734106
1539250.0,60,53398.10622795067,21034.719373506192
1552180.0,60,53352.78846562373,20964.929673646286
1565220.0,60,53311.21272856314,20905.85393045712
1578370.0,60,53270.0433529555,20843.060360065974
1591630.0,60,53235.25056974635,20784.56918003498
1605000.0,60,53202.97393083479,20725.1104903601
1618490.0,60,53159.97895069983,20669.0468429814
1632090.0,60,53118.96959765971,20608.716875734874
1645800.0,60,53090.035545522325,20556.032047222852
1659630.0,60,53055.64357726624,20500.134511172946
1673570.0,60,53023.07493342918,20443.742571013892
1687630.0,60,52989.31924218728,20384.636232496312
1701810.0,60,52962.21633630638,20334.850657068895
1716100.0,60,52924.08427443962,20275.284149008072
1730520.0,60,52890.93941095222,20217.60839738934
1745060.0,60,52862.40125307176,20174.454522587068
1759720.0,60,52827.90664408943,20121.371380613968
1774500.0,60,52809.46040086599,20074.249901967847
1789410.0,60,52779.42239942288,20024.88663360596
1804450.0,60,52751.62197695272,19976.326706157797
1819610.0,60,52722.06417613694,19931.78803815824
1834890.0,60,52698.59925829185,19885.607413796264
1850310.0,60,52668.173609083125,19838.010374208006
1865850.0,60,52646.55704764505,19799.23702701747
1881530.0,60,52623.91429685413,19750.684139829078
1897340.0,60,52603.198226092245,19707.30449127899
1913280.0,60,52585.38610656827,19665.15929535659
1929350.0,60,52562.89956978466,19624.340126021732
1945560.0,60,52540.30627635971,19586.655243002067
1961910.0,60,52523.780156641726,19541.141021449894
1978390.0,60,52504.70213181608,19508.38399779413
1995010.0,60,52486.84903991358,19475.587235650954
100651.0,75,88849.99640378696,159324.89515350846
101497.0,75,88736.81761868513,158159.48788780163
102350.0,75,88630.05108041356,157038.48059224867
103210.0,75,88518.77655439783,155898.5092757772
104077.0,75,88408.16434265574,154778.12883717185
104951.0,75,88290.54259488458,153663.5772707036
105833.0,75,88190.10484642132,152557.21566444443
106722.0,75,88078.25991776772,151460.0499182331
107618.0,75,87972.36308419665,150376.70018691925
108523.0,75,87846.42470346601,149307.5846128016
109434.0,75,87756.01055759571,148240.2386495031
110354.0,75,87642.51174513367,147171.14818125946
111281.0,75,87521.93000425454,146134.8624640843
112216.0,75,87404.39911659638,145094.53889875443
113159.0,75,87309.0013324916,144062.13688792737
114109.0,75,87188.20729288981,143045.4121183381
115068.0,75,87084.6912460872,142027.49445030425
116035.0,75,86963.3936436533,141019.2464072174
117009.0,75,86871.60246399986,139980.23152986
117992.0,75,86766.2271045816,139025.0097868889
118984.0,75,86638.02399127917,138049.14313460529
119983.0,75,86534.33793826347,137072.2765489978
120991.0,75,86402.76393611993,136099.61075463492
122008.0,75,86303.78803108755,135142.18615509028
123033.0,75,86187.41284322472,134201.2267542951
124067.0,75,86063.56918542566,133264.93555781024
125109.0,75,85950.03706285804,132310.49670507567
126160.0,75,85852.76521085437,131388.38157536954
127220.0,75,85735.50977464285,130478.64516784513
128289.0,75,85621.97436067951,129553.6785306674
129366.0,75,85506.25348160528,128659.74184582754
130453.0,75,85396.8635792068,127762.47160341512
131549.0,75,85283.74497198811,126868.72159625075
132654.0,75,85173.52936287838,125986.36120572056
133769.0,75,85055.55609470293,125105.65739198412
134893.0,75,84932.47174672189,124239.26728204667
136026.0,75,84832.55389449021,123372.61617207986
137169.0,75,84720.03097487094,122526.1793247795
138321.0,75,84601.33254552278,121686.83979869263
139483.0,75,84484.6450638159,120849.06141960886
140655.0,75,84377.3798477214,120005.66020918232
141837.0,75,84258.18158246663,119175.78382447203
143028.0,75,84147.78389023073,118365.86629849697
144230.0,75,84028.50597135087,117549.99754703858
145442.0,75,83916.318643375,116741.92346102282
146664.0,75,83788.58153340878,115944.3973082112
147896.0,75,83684.69405662219,115154.20268756352
149138.0,75,83563.9543293947,114373.65890904391
150391.0,75,83462.08129159936,113580.37980252778
151655.0,75,83343.5293354385,112817.51853896095
152929.0,75,83235.54812692953,112048.56740885049
154214.0,75,83113.9097837748,111281.55020816304
155509.0,75,82998.11824029151,110527.04327319236
156816.0,75,82879.77646024704,109783.72054557705
158133.0,75,82770.40479264127,109027.40883794388
159462.0,75,82655.44086189843,108304.57797461931
160802.0,75,82539.5870345572,107571.18270750472
162152.0,75,82421.03325936774,106850.25726897585
163515.0,75,82305.71847416367,106139.63803584667
164889.0,75,82192.38125385341,105410.24153391823
166274.0,75,82084.57301013872,104702.51835873895
167671.0,75,81965.51933796181,104006.7378664671
169079.0,75,81853.95439236375,103305.83805678478
170500.0,75,81721.4995680228,102616.26716401473
171932.0,75,81612.58222065895,101934.40142088852
173377.0,75,81498.09470859496,101256.0223027671
174833.0,75,81382.86688462144,100583.43656799335
176302.0,75,81270.36149634783,99914.76444263266
177783.0,75,81143.07976815903,99263.24147059486
179277.0,75,81041.00112325451,98599.51368731704
180783.0,75,80921.81593156392,97941.16440734493
182302.0,75,80806.46223243007,97300.06049398755
183834.0,75,80701.4485266012,96657.63556658052
185378.0,75,80576.82513485951,96016.82968783728
186935.0,75,80462.4641860685,95390.95277727951
188506.0,75,80346.20397485208,94760.77154583496
190090.0,75,80225.97012145365,94141.62251519658
191687.0,75,80102.16339373868,93524.16840045141
193297.0,75,79985.19805782435,92908.68428128811
194921.0,75,79857.88059554875,92300.75315167339
196559.0,75,79742.60088976489,91706.5346346024
198210.0,75,79621.07974979682,91101.10444701146
199875.0,75,79499.98250187247,90516.82463467013
201554.0,75,79385.15460633175,89923.8513169874
203248.0,75,79261.31558335686,89347.01084380348
204955.0,75,79153.93132216485,88763.97742699212
206677.0,75,79042.48567896806,88198.59785815822
208413.0,75,78924.75827415474,87630.21540966842
210164.0,75,78807.01323175551,87066.11797145706
211930.0,75,78686.36245338706,86503.99256931183
213711.0,75,78569.50939472363,85949.34596245213
215506.0,75,78452.59493804903,85401.47782520251
217317.0,75,78341.73371098436,84852.64869097297
219142.0,75,78228.23464989399,84316.01493085657
220983.0,75,78110.2857492295,83781.78715044132
222840.0,75,78001.06016342744,83252.33932944336
224712.0,75,77877.76721807058,82713.29063468675
226600.0,75,77762.30153259449,82196.83713677585
228504.0,75,77655.13213177225,81667.42237754635
230423.0,75,77533.46124424267,81163.62260849646
232359.0,75,77413.7386024877,80653.85099544287
234311.0,75,77301.27630646901,80141.81421136724
236280.0,75,77195.17889723815,79633.65488662975
238265.0,75,77072.07527555591,79132.72330242638
240267.0,75,76962.7367079536,78632.3806243504
242285.0,75,76842.27036188295,78150.23150961433
244321.0,75,76732.43867265171,77660.7635788591
246373.0,75,76612.50596718253,77180.4840086184
248443.0,75,76504.1051581052,76695.81980877179
250531.0,75,76385.48224833596,76222.47529332365
252635.0,75,76268.58539939368,75743.00365422614
254758.0,75,76153.68349997544,75281.99558542679
256898.0,75,76036.49388473251,74816.91329574968
259056.0,75,75922.31920599262,74351.74305651162
261233.0,75,75817.0329451828,73889.92797070317
263427.0,75,75697.62251371577,73440.17569023726
265641.0,75,75581.22855183792,72992.53290098133
267872.0,75,75471.2885583455,72535.09807174998
270123.0,75,75355.706687913,72101.36164507619
272392.0,75,75233.68331029236,71657.59032192842
274681.0,75,75123.4469762725,71223.48325266741
276988.0,75,75016.48923751415,70787.19433378866
279315.0,75,74897.91743090365,70354.00047115904
281662.0,75,74787.8267739093,69934.30257703994
284028.0,75,74665.64292555102,69503.90276792845
286415.0,75,74557.31710880334,69089.67407873082
288821.0,75,74439.33872126363,68667.79594898764
291247.0,75,74326.21551497365,68258.16732917249
293694.0,75,74217.10783758601,67844.39426986933
296162.0,75,74102.90478059486,67436.49394919074
298650.0,75,73993.80728806717,67032.7986852105
301159.0,75,73872.42843194354,66627.64645882598
303689.0,75,73762.24546607921,66235.14946263905
306240.0,75,73652.89229252747,65838.25222366917
308813.0,75,73532.13359380701,65449.38895247589
311408.0,75,73420.25903062517,65060.77351247223
314024.0,75,73312.23608836424,64680.29095744737
316662.0,75,73195.07243018884,64291.44694646995
319322.0,75,73089.07460999541,63912.12807454092
322005.0,75,72977.92381373202,63532.9452085076
324710.0,75,72864.30321275146,63155.55852566373
327438.0,75,72750.19036878632,62789.18967796373
330189.0,75,72633.24218323568,62423.95405902486
332963.0,75,72527.32778936528,62055.70541446108
335761.0,75,72423.01213491945,61683.03598411602
338581.0,75,72303.00378004095,61334.98150128185
341426.0,75,72195.110377271,60971.59436730609
344294.0,75,72082.77284669755,60619.387906019074
347187.0,75,71967.66318390508,60268.69952975558
350104.0,75,71861.16115052546,59922.20070618934
353045.0,75,71744.31990399203,59572.80120010613
356011.0,75,71640.50189787999,59234.382472256075
359002.0,75,71528.87294793774,58892.388487200435
362018.0,75,71419.98520599001,58550.937515634316
365060.0,75,71306.72485395738,58209.417640309315
368127.0,75,71203.42842199856,57876.80672525568
371219.0,75,71092.31113691117,57548.055339088256
374338.0,75,70975.13011198187,57215.73503034728
377483.0,75,70867.37627012254,56894.777052043086
380654.0,75,70758.74777711654,56572.55863124869
383852.0,75,70650.62818415034,56246.98646332737
387077.0,75,70545.0282471424,55925.730667489755
390329.0,75,70430.89539841608,55610.79530016079
393608.0,75,70323.46353423233,55299.76864962393
396915.0,75,70214.22168053102,54990.10338821087
400250.0,75,70105.28877322945,54680.096522780106
403613.0,75,69996.31443824215,54369.29634788161
407003.0,75,69886.26227310499,54067.06172265467
410423.0,75,69781.49074911381,53766.150396930105
413871.0,75,69667.95464493074,53466.409300860025
417348.0,75,69563.1016916834,53164.040724598126
420854.0,75,69456.95674825954,52872.18488495667
424390.0,75,69351.87641864359,52577.819041034556
427955.0,75,69245.0472640511,52287.97184070827
431551.0,75,69135.85753659646,51994.007475006605
435176.0,75,69029.10081744374,51711.99218395711
438832.0,75,68924.50614122766,51424.91211008503
442519.0,75,68817.0847642208,51146.476815663016
446237.0,75,68708.83636256089,50867.10781122464
449986.0,75,68605.66123073924,50586.92491014965
453766.0,75,68497.75952740025,50308.14035019886
457579.0,75,68394.94611486109,50037.18840778097
461423.0,75,68289.02095459978,49770.74360506001
465299.0,75,68179.10598850013,49494.30655570511
469209.0,75,68076.38364092974,49226.95263089694
473151.0,75,67975.08916641986,48951.45512383954
477126.0,75,67871.56621432868,48694.54784075506
481134.0,75,67763.5052614472,48432.377735784095
485176.0,75,67660.36712960635,48175.66542488117
489252.0,75,67551.28222655045,47917.530840139705
493363.0,75,67454.4540662966,47658.67966853014
497508.0,75,67351.61428705287,47408.248594276425
501687.0,75,67250.92259762336,47153.65337961719
505902.0,75,67148.25000327986,46901.31023694603
510152.0,75,67044.30414940376,46656.032596972436
514438.0,75,66934.90964681636,46413.80964766028
518760.0,75,66836.93797603513,46165.75899262545
523119.0,75,66735.58497560097,45924.2567342507
527514.0,75,66635.329450135,45679.82189038036
531945.0,75,66535.77168071085,45440.9074871135
536414.0,75,66431.5985981807,45205.87634886157
540921.0,75,66334.92441110329,44962.623622335814
545465.0,75,66237.93488237003,44733.243370256605
550048.0,75,66125.84197006897,44498.07428083861
554669.0,75,66043.98045371001,44267.03006657271
559329.0,75,65933.08548922764,44041.76436921649
564028.0,75,65831.38396223092,43813.8278313752
568767.0,75,65735.81146368825,43587.668959694405
573545.0,75,65634.08017123867,43364.536043776345
578364.0,75,65533.52120862825,43137.58577867583
583223.0,75,65436.15765291139,42921.91356777567
588123.0,75,65334.114105037916,42697.119406021666
593064.0,75,65239.631171242756,42482.95342699604
598046.0,75,65137.56453326995,42268.994706110076
603070.0,75,65041.36875984279,42052.51542988164
608137.0,75,64947.39563942454,41837.774012238326
613246.0,75,64849.39571599874,41626.179129904325
618398.0,75,64752.097732145055,41421.36371395895
623594.0,75,64658.56570350666,41212.20094290058
628833.0,75,64563.229770208345,41008.96168413085
634116.0,75,64467.04818458349,40802.424475115986
639443.0,75,64369.58348141295,40595.807564578834
644815.0,75,64273.74445824641,40394.543701604634
650233.0,75,64177.50565971881,40197.937130771454
655695.0,75,64083.25556570793,40000.13059280293
661204.0,75,63988.49739313271,39801.91080352674
666759.0,75,63894.482869813575,39605.45150801831
672361.0,75,63801.4467524137,39412.88395214062
678009.0,75,63708.4831483401,39220.70199507764
683706.0,75,63615.48417560811,39027.158590448526
689450.0,75,63515.31990636284,38836.28893844635
695242.0,75,63424.38973049263,38646.679330305335
701083.0,75,63338.52873044259,38462.44732361295
706973.0,75,63239.406330521044,38279.83885567311
712912.0,75,63150.32062146267,38093.205655980484
718902.0,75,63060.571603251745,37885.37137554296
724942.0,75,62964.0037772534,37726.47600422703
731032.0,75,62878.65016200557,37546.44182210423
737174.0,75,62782.40380429742,37369.113882383004
743367.0,75,62696.01577783253,37193.764761673476
749612.0,75,62605.64377116123,37013.07677063285
755910.0,75,62520.00289256225,36839.73745072584
762260.0,75,62424.201387231915,36663.90775199935
768664.0,75,62338.4585159303,36495.11616946638
775122.0,75,62249.27533470085,36322.799485849726
781634.0,75,62163.493152185474,36154.6031577674
788201.0,75,62066.62971699617,35982.96404012683
794823.0,75,61985.20291431344,35819.347703926214
801501.0,75,61897.299266856266,35654.22193441028
808234.0,75,61809.60563272908,35491.014602603085
815024.0,75,61724.189975856425,35317.451914716665
821872.0,75,61633.350870923794,35159.31983581963
828777.0,75,61550.8609087704,35006.406084631155
835739.0,75,61463.912277226766,34841.1975736132
842761.0,75,61383.34302423438,34682.65125972076
849841.0,75,61294.278087253726,34524.44408864709
856981.0,75,61208.87608430854,34371.71988442729
864180.0,75,61121.30783449501,34215.98537175453
871441.0,75,61039.69166793111,34060.263599977356
878762.0,75,60955.212251438476,33905.222756175724
886145.0,75,60875.998962036574,33759.11941118969
893590.0,75,60790.20630584583,33608.68047094083
901097.0,75,60708.033954969345,33461.08869876857
908667.0,75,60627.89997316191,33309.94134431886
916301.0,75,60543.79469963778,33162.555446196144
923999.0,75,60466.63460133623,33018.97431495513
931762.0,75,60379.516881144,32875.83807201847
939590.0,75,60300.63910178356,32734.71629369533
947484.0,75,60218.605754294826,32587.79293959928
955444.0,75,60141.00637606015,32446.396148424992
963471.0,75,60063.40405171073,32311.74387568881
971566.0,75,59985.36129522516,32170.338942604645
979728.0,75,59902.29600802756,32037.130973407027
987959.0,75,59826.53594961159,31896.77473022381
996259.0,75,59752.076221163916,31765.25810424127
1004630.0,75,59681.59701210457,31632.9946683459
1013070.0,75,59600.96041223103,31500.901812588465
1021580.0,75,59527.74762790956,31364.97619175872
1030160.0,75,59451.77911512233,31234.98999294558
1038820.0,75,59375.41346100367,31106.986455363345
1047550.0,75,59299.69073278358,30976.75320336653
1056350.0,75,59219.13795870223,30854.598360685977
1065220.0,75,59149.51138830978,30724.399983215804
1074170.0,75,59075.26522072758,30595.94418026888
1083190.0,75,59002.875977925636,30474.6547179826
1092290.0,75,58932.280083803416,30349.906360685236
1101470.0,75,58858.49216703159,30232.79560780936
1110730.0,75,58780.382095347435,30112.200962797382
1120060.0,75,58708.26875581091,29986.1873096872
1129470.0,75,58642.95739093874,29868.734860290584
1138960.0,75,58575.68503726975,29747.998972658326
1148520.0,75,58499.34989269037,29628.74820745802
1158170.0,75,58434.95336074604,29517.61894143057
1167900.0,75,58360.244438095215,29397.08240404879
1177720.0,75,58296.037772918295,29290.664734985916
1187610.0,75,58229.97179062693,29176.17896735035
1197590.0,75,58159.598808331444,29063.114505377795
1207650.0,75,58095.30135422655,28955.501170900443
1217790.0,75,58028.11077416032,28844.042456111532
1228030.0,75,57962.36466047924,28736.58833354195
1238340.0,75,57891.98309117612,28627.591248365774
1248750.0,75,57828.82895639864,28519.026306236046
1259240.0,75,57762.34836563383,28416.964180582156
1269820.0,75,57702.30978750976,28314.164973452218
1280480.0,75,57636.51348186559,28208.274905973933
1291240.0,75,57575.13716716034,28106.775471504
1302090.0,75,57511.495873381944,28000.918428453184
1313030.0,75,57446.64585874264,27904.381509291117
1324060.0,75,57387.43871835031,27800.271235505985
1335190.0,75,57323.663417837066,27704.306490343974
1346400.0,75,57264.59988721641,27601.82447256939
1357710.0,75,57207.86859047181,27510.64782139393
1369120.0,75,57144.40056249895,27412.004363846798
1380620.0,75,57088.07713779338,27311.97384110263
1392220.0,75,57031.191296666184,27226.556989408673
1403920.0,75,56969.644694649716,27132.00668228386
1415710.0,75,56912.056517007935,27048.911150241987
1427610.0,75,56863.17894265303,26954.663956561275
1439600.0,75,56800.62319843716,26863.359601246975
1451700.0,75,56747.18447935123,26777.392261319423
1463890.0,75,56695.64106719341,26684.624399840417
1476190.0,75,56640.0549796033,26602.332576994857
1488590.0,75,56590.06813519791,26517.638151927793
1501100.0,75,56531.18015388349,26431.82688564718
1513710.0,75,56480.58526416311,26347.05106898371
1526430.0,75,56429.795754325336,26267.25758365891
1539250.0,75,56379.549936653944,26183.67326125474
1552180.0,75,56327.18478269732,26104.159473672004
1565220.0,75,56279.43043569181,26025.0141036531
1578370.0,75,56232.7205632712,25945.420009259753
1591630.0,75,56181.24180406271,25867.099754212148
1605000.0,75,56137.88189207159,25795.02320218156
1618490.0,75,56097.61853719896,25714.175226702242
1632090.0,75,56045.90568751707,25644.911885756206
1645800.0,75,56003.25678534135,25576.356622729818
1659630.0,75,55966.60017567964,25502.500016994527
1673570.0,75,55921.06766310333,25428.495610329537
1687630.0,75,55876.1493052169,25361.010374474346
1701810.0,75,55826.95812525968,25293.691257147573
1716100.0,75,55790.49626446473,25221.211266087856
1730520.0,75,55753.83441474975,25156.1344260401
1745060.0,75,55710.283499750694,25091.676192567535
1759720.0,75,55670.99083747977,25030.39749549975
1774500.0,75,55635.885221420715,24964.435516299392
1789410.0,75,55592.75946003675,24902.085046267017
1804450.0,75,55560.12937911555,24845.333897070126
1819610.0,75,55527.34872662255,24783.707409920404
1834890.0,75,55489.47061772098,24722.68073451392
1850310.0,75,55458.23803998033,24669.449518310947
1865850.0,75,55424.027424194814,24615.53972294283
1881530.0,75,55393.943430396524,24556.00803604813
1897340.0,75,55361.05203008264,24502.361055250436
1913280.0,75,55330.662944432035,24455.658184959964
1929350.0,75,55303.47159756119,24407.88088673611
1945560.0,75,55270.475714302425,24349.073442793473
1961910.0,75,55250.292806991645,24301.273090043658
1978390.0,75,55223.77603615441,24254.18910551654
1995010.0,75,55197.291370222374,24204.528052809634
